1E3800884
3E0000880
1E4000880
1E00008C0
1E3000888
0000
0000
0000
0000
0000
0000
0000
0000
0000
0000
0000
0000
89E0000880
1F8000880
1E0088880
1E0000891
1E00008A8
0000
0000
0000
0000
0000
0000
0000
0000
0000
0000
0000
0000
0000
0000
0000
0000
0000
0000
0000
0000
0000
0000
0000
0000
0000
0000
0000
89E0000880
1F8000880
1E0088880
1E0000891
1E00008A8
0000
0000
0000
0000
0000
0000
0000
0000
0000
0000
0000
1C4000880
11C4000890
1C00008A8
0000
0000
0000
0000
0000
0000
0000
0000
0000
0000
0000
0000
0000
89E0000000
01F8000000
0100000000
0118000000
4500000010
0000000028
0000
0000
0000
0000
0000
0000
0000
0000
0000
0000
120000010
120000028
0000
0000
0000
0000
0000
0000
0000
0000
0000
0000
0000
0000
0000
0000
89FB088000
89FB088000
89FB088000
89FB088000
89FB110000
89FB110000
89FB220000
89FB220000
89FB440000
89FB440010
1E0000028
0000
0000
0000
0000
0000
00C4800880
10C4801100
10C4802200
10C4804400
10C4800010
10C0800028
0000
0000
0000
0000
0000
0000
0000
0000
0000
0000
0000000000
0000008000
0000010000
0000020000
0000040010
0000000028
0000
0000
0000
0000
0000
0000
0000
0000
0000
0000
89E0000880
1F8000880
1E0088880
1E0000891
1E00008A8
0000
0000
0000
0000
0000
0000
0000
0000
0000
0000
0000
89E0000880
1F8000880
1E0088880
1E0000891
1E00008A8
0000
0000
0000
0000
0000
0000
0000
0000
0000
0000
0000
89E0000880
1F8000880
1E0088880
1E0000891
1E00008A8
0000
0000
0000
0000
0000
0000
0000
0000
0000
0000
0000
89E0000880
1F8000880
1E0088880
1E0000891
1E00008A8
0000
0000
0000
0000
0000
0000
0000
0000
0000
0000
0000
0000000010
0000000028
0000
0000
0000
0000
0000
0000
0000
0000
000
0000
0000
0000
0000
0000
0000
2020800002
2024000002
2024000002
2027000002
2020000002
2038800002
6420000012
202000002A
0000
